I	1	0	0	0	0	0	0	0	0	0	0	0	0	0	0	0	0	0	0	0	-1	-4	-3	-4	-2	-3	-4	-4	-4	5	2	-3	2	0	-3	-3	-1	-3	-1	4
L	0	1	0	0	0	0	0	0	0	0	0	0	0	0	0	0	0	0	0	0	-2	-3	-4	-4	-2	-2	-3	-4	-3	2	5	-3	3	1	-4	-3	-1	-2	-1	1
V	0	0	1	0	0	0	0	0	0	0	0	0	0	0	0	0	0	0	0	0	0	-3	-3	-4	-1	-3	-3	-4	-4	4	1	-3	1	-1	-3	-2	0	-3	-1	5
F	0	0	0	1	0	0	0	0	0	0	0	0	0	0	0	0	0	0	0	0	-3	-3	-4	-5	-2	-4	-3	-4	-1	0	1	-4	0	8	-4	-3	-2	1	4	-1
M	0	0	0	0	1	0	0	0	0	0	0	0	0	0	0	0	0	0	0	0	-1	-2	-2	-4	-2	0	-2	-3	-1	2	3	-2	7	0	-3	-2	-1	-1	0	1
C	0	0	0	0	0	1	0	0	0	0	0	0	0	0	0	0	0	0	0	0	-1	-4	-2	-4	13	-3	-3	-3	-3	-2	-2	-3	-2	-2	-4	-1	-1	-5	-3	-1
A	0	0	0	0	0	0	1	0	0	0	0	0	0	0	0	0	0	0	0	0	5	-2	-1	-2	-1	-1	-1	0	-2	-1	-2	-1	-1	-3	-1	1	0	-3	-2	0
G	0	0	0	0	0	0	0	1	0	0	0	0	0	0	0	0	0	0	0	0	0	-3	0	-1	-3	-2	-3	8	-2	-4	-4	-2	-3	-4	-2	0	-2	-3	-3	-4
P	0	0	0	0	0	0	0	0	1	0	0	0	0	0	0	0	0	0	0	0	-1	-3	-2	-1	-4	-1	-1	-2	-2	-3	-4	-1	-3	-4	10	-1	-1	-4	-3	-3
T	0	0	0	0	0	0	0	0	0	1	0	0	0	0	0	0	0	0	0	0	0	-1	0	-1	-1	-1	-1	-2	-2	-1	-1	-1	-1	-2	-1	2	5	-3	-2	0
S	0	0	0	0	0	0	0	0	0	0	1	0	0	0	0	0	0	0	0	0	1	-1	1	0	-1	0	-1	0	-1	-3	-3	0	-2	-3	-1	5	2	-4	-2	-2
Y	0	0	0	0	0	0	0	0	0	0	0	1	0	0	0	0	0	0	0	0	-2	-1	-2	-3	-3	-1	-2	-3	2	-1	-1	-2	0	4	-3	-2	-2	2	8	-1
W	0	0	0	0	0	0	0	0	0	0	0	0	1	0	0	0	0	0	0	0	-3	-3	-4	-5	-5	-1	-3	-3	-3	-3	-2	-3	-1	1	-4	-4	-3	15	2	-3
Q	0	0	0	0	0	0	0	0	0	0	0	0	0	1	0	0	0	0	0	0	-1	1	0	0	-3	7	2	-2	1	-3	-2	2	0	-4	-1	0	-1	-1	-1	-3
N	0	0	0	0	0	0	0	0	0	0	0	0	0	0	1	0	0	0	0	0	-1	-1	7	2	-2	0	0	0	1	-3	-4	0	-2	-4	-2	1	0	-4	-2	-3
H	0	0	0	0	0	0	0	0	0	0	0	0	0	0	0	1	0	0	0	0	-2	0	1	-1	-3	1	0	-2	10	-4	-3	0	-1	-1	-2	-1	-2	-3	2	-4
E	0	0	0	0	0	0	0	0	0	0	0	0	0	0	0	0	1	0	0	0	-1	0	0	2	-3	2	6	-3	0	-4	-3	1	-2	-3	-1	-1	-1	-3	-2	-3
D	0	0	0	0	0	0	0	0	0	0	0	0	0	0	0	0	0	1	0	0	-2	-2	2	8	-4	0	2	-1	-1	-4	-4	-1	-4	-5	-1	0	-1	-5	-3	-4
K	0	0	0	0	0	0	0	0	0	0	0	0	0	0	0	0	0	0	1	0	-1	3	0	-1	-3	2	1	-2	0	-3	-3	6	-2	-4	-1	0	-1	-3	-2	-3
R	0	0	0	0	0	0	0	0	0	0	0	0	0	0	0	0	0	0	0	1	-2	7	-1	-2	-4	1	0	-3	0	-4	-3	3	-2	-3	-3	-1	-1	-3	-1	-3
X	0.05	0.05	0.05	0.05	0.05	0.05	0.05	0.05	0.05	0.05	0.05	0.05	0.05	0.05	0.05	0.05	0.05	0.05	0.05	0.05	-1	-1	-1	-1	-2	-1	-1	-2	-1	-1	-1	-1	-1	-2	-2	-1	0	-3	-1	-1
J	0	0	0	0	0	0	0	0	0	0	0	0	0	0	0	0	0	0	0	0	-5	-5	-5	-5	-5	-5	-5	-5	-5	-5	-5	-5	-5	-5	-5	-5	-5	-5	-5	-5
